1 1 15 11111111 aaa 11111111
1 1 15 33333333 ccc 33333333 
1 1 15 2135050929 赵琦 15300111111 
1 1 15 1111111 aaa 1111111111 
2 1 15 22222222 bbb 222222222 
2 1 15 33333333 ccc 33333333 
2 1 15 21350509299 a 15300111111 
2 1 15 1111111 aaa 1111111111 
3 1 15 21350509229 z 15300111111 
3 1 15 1111111 aaa 1111111111 
4 1 15 21350508929 q 15300111111 
4 1 15 11121111 aaa 1111111111 
5 1 15 21350509229 z 15300111111 
5 1 15 1111111 aaa 1111111111 
5 1 15 21350508929 q 15300111111 
6 1 15 21350509229 z 15300111111 
6 1 15 1111111 aaa 1111111111 
6 1 15 21350508929 q 15300111111 
1 0 15 22222222 bbb 222222222 
1 0 15 33333333 ccc 33333333 
1 0 9 2135050929 赵琦 15300111111 
1 0 9 1111111 aaa 1111111111 
2 0 9 22222222 bbb 222222222 
2 0 9 33333333 ccc 33333333 
2 0 9 21350509299 a 15300111111 
2 0 9 1111111 aaa 1111111111 
3 0 9 21350509229 z 15300111111 
3 0 9 1111111 aaa 1111111111 
4 0 9 21350508929 q 15300111111 
4 0 9 11121111 aaa 1111111111 
5 0 9 21350509229 z 15300111111 
5 0 9 1111111 aaa 1111111111 
5 0 9 21350508929 q 15300111111 
6 0 9 21350509229 z 15300111111 
6 0 9 1111111 aaa 1111111111 
6 0 9 21350508929 q 15300111111 
